id: 51655570
type: node
latitude: 47.16046
longitude: -122.58023
postcode: 98498-1576
city: Lakewood
street: 108th Avenue Southwest
housenumber: "10649"
phone: +1-253-581-1005
opening_hours: 24/7
website: ""
