id: 51669231
type: node
latitude: 47.25566
longitude: -122.47739
postcode: 98406-6216
city: Tacoma
street: 6th Avenue
housenumber: "3115"
phone: +1-253-759-3450
opening_hours: 24/7
website: ""
